{
  "nbformat": 4,
  "nbformat_minor": 0,
  "metadata": {
    "colab": {
      "name": "Canada GDP Model.ipynb",
      "provenance": [],
      "toc_visible": true,
      "authorship_tag": "ABX9TyNbcLtrNx5LNKG1DoxcsmLG",
      "include_colab_link": true
    },
    "kernelspec": {
      "name": "python3",
      "display_name": "Python 3"
    }
  },
  "cells": [
    {
      "cell_type": "markdown",
      "metadata": {
        "id": "view-in-github",
        "colab_type": "text"
      },
      "source": [
        "<a href=\"https://colab.research.google.com/github/roysaurav/Canada-GDP-Model/blob/main/Canada_GDP_Model.ipynb\" target=\"_parent\"><img src=\"https://colab.research.google.com/assets/colab-badge.svg\" alt=\"Open In Colab\"/></a>"
      ]
    },
    {
      "cell_type": "markdown",
      "metadata": {
        "id": "xaZwxVskZmDn"
      },
      "source": [
        "# **Setup**\n"
      ]
    },
    {
      "cell_type": "code",
      "metadata": {
        "colab": {
          "base_uri": "https://localhost:8080/"
        },
        "id": "fDnINwGxaddc",
        "outputId": "0dfe5856-1f9b-4492-d35b-85689c2a8a9a"
      },
      "source": [
        "!pip install plotly==4.8"
      ],
      "execution_count": null,
      "outputs": [
        {
          "output_type": "stream",
          "text": [
            "Requirement already satisfied: plotly==4.8 in /usr/local/lib/python3.7/dist-packages (4.8.0)\n",
            "Requirement already satisfied: six in /usr/local/lib/python3.7/dist-packages (from plotly==4.8) (1.15.0)\n",
            "Requirement already satisfied: retrying>=1.3.3 in /usr/local/lib/python3.7/dist-packages (from plotly==4.8) (1.3.3)\n"
          ],
          "name": "stdout"
        }
      ]
    },
    {
      "cell_type": "code",
      "metadata": {
        "id": "4HBj0ZFGZwkF"
      },
      "source": [
        "model_training_start_date = '2015-01-01' #@param {type:\"date\"}"
      ],
      "execution_count": null,
      "outputs": []
    },
    {
      "cell_type": "code",
      "metadata": {
        "colab": {
          "base_uri": "https://localhost:8080/",
          "height": 37
        },
        "id": "yvgcXZXfM5sD",
        "outputId": "4b314096-48e8-402f-ad81-857b7b9078bc"
      },
      "source": [
        "'''\n",
        "from google.colab import drive\n",
        "drive.mount(\"/content/drive\")\n",
        "'''"
      ],
      "execution_count": null,
      "outputs": [
        {
          "output_type": "execute_result",
          "data": {
            "application/vnd.google.colaboratory.intrinsic+json": {
              "type": "string"
            },
            "text/plain": [
              "'\\nfrom google.colab import drive\\ndrive.mount(\"/content/drive\")\\n'"
            ]
          },
          "metadata": {
            "tags": []
          },
          "execution_count": 56
        }
      ]
    },
    {
      "cell_type": "code",
      "metadata": {
        "id": "QrRsRbh7M_x9"
      },
      "source": [
        "import pandas as pd\n",
        "import seaborn as sns\n",
        "import statsmodels.api as sm\n",
        "import plotly.express as px\n"
      ],
      "execution_count": null,
      "outputs": []
    },
    {
      "cell_type": "code",
      "metadata": {
        "id": "HzQKquCOawtK"
      },
      "source": [
        "dep_var = \"STCA Canada Expenditure Based\"\t"
      ],
      "execution_count": null,
      "outputs": []
    },
    {
      "cell_type": "code",
      "metadata": {
        "colab": {
          "base_uri": "https://localhost:8080/",
          "height": 388
        },
        "id": "BOqVBuEeNGHk",
        "outputId": "b7764160-7f4a-48ee-939a-43db5611aaba"
      },
      "source": [
        "#@title Data Prep\n",
        "\n",
        "path = \"/content/drive/MyDrive/CI Global/Project.xlsx\"\n",
        "path  = \"https://drive.google.com/uc?export=download&id=16hS_2LyULBmsjLd8cCLkRJ-2WJA1U082\"\n",
        "\n",
        "df = pd.read_excel(path, sheet_name=\"GDP Canada Data\", skiprows=1).set_index(\"Date\").sort_index().dropna()\n",
        "df[dep_var] = df[dep_var].shift(-1)\n",
        "\n",
        "df.head()"
      ],
      "execution_count": null,
      "outputs": [
        {
          "output_type": "execute_result",
          "data": {
            "text/html": [
              "<div>\n",
              "<style scoped>\n",
              "    .dataframe tbody tr th:only-of-type {\n",
              "        vertical-align: middle;\n",
              "    }\n",
              "\n",
              "    .dataframe tbody tr th {\n",
              "        vertical-align: top;\n",
              "    }\n",
              "\n",
              "    .dataframe thead th {\n",
              "        text-align: right;\n",
              "    }\n",
              "</style>\n",
              "<table border=\"1\" class=\"dataframe\">\n",
              "  <thead>\n",
              "    <tr style=\"text-align: right;\">\n",
              "      <th></th>\n",
              "      <th>STCA Canada Expenditure Based</th>\n",
              "      <th>Canada Real GDP (QoQ % SAAR)</th>\n",
              "      <th>Canada OECD Leading Indicators</th>\n",
              "      <th>PMI Output</th>\n",
              "      <th>PMI New Orders</th>\n",
              "      <th>PMI Stocks of Finished Goods</th>\n",
              "      <th>Canada GDP Household Saving Rate</th>\n",
              "      <th>STCA Canada Retail Sales YoY S</th>\n",
              "      <th>Average Hourly Wage Rate</th>\n",
              "      <th>Canada Wages &amp; Salaries Labour</th>\n",
              "      <th>OECD Canada Employment</th>\n",
              "      <th>STCA Canada Labor Force Unemployment</th>\n",
              "      <th>STCA Canada Net Change in Labor</th>\n",
              "      <th>STCA Canada Initial &amp; Renewal Jobless Claim</th>\n",
              "      <th>Canada Mortgage and Housing Co</th>\n",
              "      <th>Real GDP by Expenditure Reside</th>\n",
              "    </tr>\n",
              "    <tr>\n",
              "      <th>Date</th>\n",
              "      <th></th>\n",
              "      <th></th>\n",
              "      <th></th>\n",
              "      <th></th>\n",
              "      <th></th>\n",
              "      <th></th>\n",
              "      <th></th>\n",
              "      <th></th>\n",
              "      <th></th>\n",
              "      <th></th>\n",
              "      <th></th>\n",
              "      <th></th>\n",
              "      <th></th>\n",
              "      <th></th>\n",
              "      <th></th>\n",
              "      <th></th>\n",
              "    </tr>\n",
              "  </thead>\n",
              "  <tbody>\n",
              "    <tr>\n",
              "      <th>2010-10-29</th>\n",
              "      <td>6.215</td>\n",
              "      <td>2.90</td>\n",
              "      <td>101.1048</td>\n",
              "      <td>53.3</td>\n",
              "      <td>55.7</td>\n",
              "      <td>51.4</td>\n",
              "      <td>3.8</td>\n",
              "      <td>3.9</td>\n",
              "      <td>1.44</td>\n",
              "      <td>70885632.0</td>\n",
              "      <td>80.29</td>\n",
              "      <td>8.0</td>\n",
              "      <td>26.2</td>\n",
              "      <td>252140.0</td>\n",
              "      <td>174.102</td>\n",
              "      <td>-7.2</td>\n",
              "    </tr>\n",
              "    <tr>\n",
              "      <th>2010-11-30</th>\n",
              "      <td>5.575</td>\n",
              "      <td>2.90</td>\n",
              "      <td>101.1815</td>\n",
              "      <td>55.0</td>\n",
              "      <td>57.8</td>\n",
              "      <td>52.8</td>\n",
              "      <td>3.8</td>\n",
              "      <td>7.0</td>\n",
              "      <td>2.19</td>\n",
              "      <td>71184622.0</td>\n",
              "      <td>80.29</td>\n",
              "      <td>7.7</td>\n",
              "      <td>30.2</td>\n",
              "      <td>239030.0</td>\n",
              "      <td>194.104</td>\n",
              "      <td>-7.2</td>\n",
              "    </tr>\n",
              "    <tr>\n",
              "      <th>2010-12-31</th>\n",
              "      <td>5.575</td>\n",
              "      <td>4.59</td>\n",
              "      <td>101.2633</td>\n",
              "      <td>57.9</td>\n",
              "      <td>56.7</td>\n",
              "      <td>48.5</td>\n",
              "      <td>4.2</td>\n",
              "      <td>4.9</td>\n",
              "      <td>1.83</td>\n",
              "      <td>71685950.0</td>\n",
              "      <td>80.48</td>\n",
              "      <td>7.7</td>\n",
              "      <td>45.1</td>\n",
              "      <td>245960.0</td>\n",
              "      <td>166.823</td>\n",
              "      <td>-2.8</td>\n",
              "    </tr>\n",
              "    <tr>\n",
              "      <th>2011-01-31</th>\n",
              "      <td>5.575</td>\n",
              "      <td>4.59</td>\n",
              "      <td>101.3013</td>\n",
              "      <td>56.8</td>\n",
              "      <td>55.4</td>\n",
              "      <td>49.4</td>\n",
              "      <td>4.2</td>\n",
              "      <td>3.4</td>\n",
              "      <td>1.78</td>\n",
              "      <td>72156974.0</td>\n",
              "      <td>80.48</td>\n",
              "      <td>7.8</td>\n",
              "      <td>59.3</td>\n",
              "      <td>233140.0</td>\n",
              "      <td>170.157</td>\n",
              "      <td>-2.8</td>\n",
              "    </tr>\n",
              "    <tr>\n",
              "      <th>2011-02-28</th>\n",
              "      <td>5.713</td>\n",
              "      <td>4.59</td>\n",
              "      <td>101.2443</td>\n",
              "      <td>55.9</td>\n",
              "      <td>56.8</td>\n",
              "      <td>50.5</td>\n",
              "      <td>4.2</td>\n",
              "      <td>3.8</td>\n",
              "      <td>2.44</td>\n",
              "      <td>72618930.0</td>\n",
              "      <td>80.48</td>\n",
              "      <td>7.7</td>\n",
              "      <td>0.4</td>\n",
              "      <td>240590.0</td>\n",
              "      <td>179.438</td>\n",
              "      <td>-2.8</td>\n",
              "    </tr>\n",
              "  </tbody>\n",
              "</table>\n",
              "</div>"
            ],
            "text/plain": [
              "            STCA Canada Expenditure Based  ...  Real GDP by Expenditure Reside\n",
              "Date                                       ...                                \n",
              "2010-10-29                          6.215  ...                            -7.2\n",
              "2010-11-30                          5.575  ...                            -7.2\n",
              "2010-12-31                          5.575  ...                            -2.8\n",
              "2011-01-31                          5.575  ...                            -2.8\n",
              "2011-02-28                          5.713  ...                            -2.8\n",
              "\n",
              "[5 rows x 16 columns]"
            ]
          },
          "metadata": {
            "tags": []
          },
          "execution_count": 75
        }
      ]
    },
    {
      "cell_type": "code",
      "metadata": {
        "id": "y54hg5e6ayxZ"
      },
      "source": [
        "vars = list(df.columns)\n",
        "vars.remove(dep_var)"
      ],
      "execution_count": null,
      "outputs": []
    },
    {
      "cell_type": "markdown",
      "metadata": {
        "id": "21hvxJ6ja4SY"
      },
      "source": [
        "# **Correlation**\n"
      ]
    },
    {
      "cell_type": "code",
      "metadata": {
        "colab": {
          "base_uri": "https://localhost:8080/",
          "height": 717
        },
        "id": "XUeGqQn1NUQj",
        "outputId": "988523de-cdaa-406c-f000-5f0054c0fa96"
      },
      "source": [
        "#@title Cross Sectional Correlations\n",
        "\n",
        "corr_ = df.loc[model_training_start_date:].corr()\n",
        "fig = px.imshow(corr_, x= df.columns, y=df.columns, color_continuous_scale=\"RdYlGn\", width=700, height=700)\n",
        "fig.show()"
      ],
      "execution_count": null,
      "outputs": [
        {
          "output_type": "display_data",
          "data": {
            "text/html": [
              "<html>\n",
              "<head><meta charset=\"utf-8\" /></head>\n",
              "<body>\n",
              "    <div>\n",
              "            <script src=\"https://cdnjs.cloudflare.com/ajax/libs/mathjax/2.7.5/MathJax.js?config=TeX-AMS-MML_SVG\"></script><script type=\"text/javascript\">if (window.MathJax) {MathJax.Hub.Config({SVG: {font: \"STIX-Web\"}});}</script>\n",
              "                <script type=\"text/javascript\">window.PlotlyConfig = {MathJaxConfig: 'local'};</script>\n",
              "        <script src=\"https://cdn.plot.ly/plotly-latest.min.js\"></script>    \n",
              "            <div id=\"29619cb7-cdc0-494e-bc52-bf8043f33b3b\" class=\"plotly-graph-div\" style=\"height:700px; width:700px;\"></div>\n",
              "            <script type=\"text/javascript\">\n",
              "                \n",
              "                    window.PLOTLYENV=window.PLOTLYENV || {};\n",
              "                    \n",
              "                if (document.getElementById(\"29619cb7-cdc0-494e-bc52-bf8043f33b3b\")) {\n",
              "                    Plotly.newPlot(\n",
              "                        '29619cb7-cdc0-494e-bc52-bf8043f33b3b',\n",
              "                        [{\"coloraxis\": \"coloraxis\", \"hovertemplate\": \"x: %{x}<br>y: %{y}<br>color: %{z}<extra></extra>\", \"type\": \"heatmap\", \"x\": [\"STCA Canada Expenditure Based\", \"Canada Real GDP (QoQ % SAAR)\", \"Canada OECD Leading Indicators\", \"PMI Output\", \"PMI New Orders\", \"PMI Stocks of Finished Goods\", \"Canada GDP Household Saving Rate\", \"STCA Canada Retail Sales YoY S\", \"Average Hourly Wage Rate\", \"Canada Wages & Salaries Labour\", \"OECD Canada Employment\", \"STCA Canada Labor Force Unemployment\", \"STCA Canada Net Change in Labor\", \"STCA Canada Initial & Renewal Jobless Claim\", \"Canada Mortgage and Housing Co\", \"Real GDP by Expenditure Reside\"], \"y\": [\"STCA Canada Expenditure Based\", \"Canada Real GDP (QoQ % SAAR)\", \"Canada OECD Leading Indicators\", \"PMI Output\", \"PMI New Orders\", \"PMI Stocks of Finished Goods\", \"Canada GDP Household Saving Rate\", \"STCA Canada Retail Sales YoY S\", \"Average Hourly Wage Rate\", \"Canada Wages & Salaries Labour\", \"OECD Canada Employment\", \"STCA Canada Labor Force Unemployment\", \"STCA Canada Net Change in Labor\", \"STCA Canada Initial & Renewal Jobless Claim\", \"Canada Mortgage and Housing Co\", \"Real GDP by Expenditure Reside\"], \"z\": [[1.0, 0.7665958700638995, 0.6306238300918992, 0.46452958103608005, 0.47151362339066477, 0.40452095138409994, -0.7391269372207437, 0.32631424447245555, -0.5916879385507682, 0.13597029968456792, -0.2629368010391021, -0.8004922187882355, -0.25194545511044514, -0.2782460274588323, 0.048078762814121295, 0.5612551885166616], [0.7665958700638995, 1.0, 0.3939825338977609, 0.14168555061867485, 0.14058917952493127, 0.3803160759160317, -0.9358508805139559, 0.15487004342983646, -0.5631350752697785, -0.21133125163900301, -0.48308453685948394, -0.7024951065329111, -0.24417623896266966, -0.10723094469799928, -0.20143782323229992, -0.07145395718934422], [0.6306238300918992, 0.3939825338977609, 1.0, 0.7755489804268488, 0.7921463785058173, 0.3895646573253774, -0.30554508002650493, 0.6628135355479202, -0.7010883995842596, -0.1467283036642416, -0.46425671004476216, -0.5523644636886602, 0.299500783655601, -0.33258958260305344, 0.2781806888763588, -0.0063719713232310545], [0.46452958103608005, 0.14168555061867485, 0.7755489804268488, 1.0, 0.969771489307802, 0.5514623930883935, -0.10568295457409067, 0.8621571101497234, -0.6896655801903513, 0.07091472123487347, -0.2855128800332185, -0.626704548436957, 0.5684194305266012, -0.15672720215371921, 0.396406600708982, 0.08019922926602027], [0.47151362339066477, 0.14058917952493127, 0.7921463785058173, 0.969771489307802, 1.0, 0.5393759236248528, -0.12697234139545577, 0.8340078283898746, -0.6385572700530178, 0.08367104444610687, -0.25119619234570145, -0.5838814539239155, 0.5762292936020583, -0.21598904207610328, 0.3974049507135291, 0.14728613183130293], [0.40452095138409994, 0.3803160759160317, 0.3895646573253774, 0.5514623930883935, 0.5393759236248528, 1.0, -0.34610445605066587, 0.45842130636844436, -0.48146537567679804, 0.0811443465707242, -0.19409309308037764, -0.6014280974198849, 0.29456233791404235, -0.2174849904177457, 0.17933506475778238, 0.11353047742524906], [-0.7391269372207437, -0.9358508805139559, -0.30554508002650493, -0.10568295457409067, -0.12697234139545577, -0.34610445605066587, 1.0, -0.059814973908743525, 0.47158606731442837, 0.06514201967171857, 0.3230399133599137, 0.6880042831496086, 0.30121150491600895, 0.08652392460273521, 0.24544248481732792, -0.17161874598968063], [0.32631424447245555, 0.15487004342983646, 0.6628135355479202, 0.8621571101497234, 0.8340078283898746, 0.45842130636844436, -0.059814973908743525, 1.0, -0.7446339132562544, -0.16435647500853914, -0.48274568842864196, -0.5495200314358469, 0.6648256139395641, -0.053166462538076685, 0.2905372321640224, 0.06772690258058689], [-0.5916879385507682, -0.5631350752697785, -0.7010883995842596, -0.6896655801903513, -0.6385572700530178, -0.48146537567679804, 0.47158606731442837, -0.7446339132562544, 1.0, 0.3311475785232295, 0.6741324547648333, 0.716705823109849, -0.2870059412823891, 0.05173999003137045, -0.0033363303863816803, 0.00862294288015983], [0.13597029968456792, -0.21133125163900301, -0.1467283036642416, 0.07091472123487347, 0.08367104444610687, 0.0811443465707242, 0.06514201967171857, -0.16435647500853914, 0.3311475785232295, 1.0, 0.8571976691027636, -0.19905875397649084, 0.048104630840990675, -0.2853635555381219, 0.3224267918688942, 0.07859456316976016], [-0.2629368010391021, -0.48308453685948394, -0.46425671004476216, -0.2855128800332185, -0.25119619234570145, -0.19409309308037764, 0.3230399133599137, -0.48274568842864196, 0.6741324547648333, 0.8571976691027636, 1.0, 0.2610806560887498, -0.0649100818555452, -0.14796439150500246, 0.1654774667402415, -0.00024406317741308464], [-0.8004922187882355, -0.7024951065329111, -0.5523644636886602, -0.626704548436957, -0.5838814539239155, -0.6014280974198849, 0.6880042831496086, -0.5495200314358469, 0.716705823109849, -0.19905875397649084, 0.2610806560887498, 1.0, -0.10765801270783149, 0.1687019279364362, -0.09457201937868545, -0.08114729517993527], [-0.25194545511044514, -0.24417623896266966, 0.299500783655601, 0.5684194305266012, 0.5762292936020583, 0.29456233791404235, 0.30121150491600895, 0.6648256139395641, -0.2870059412823891, 0.048104630840990675, -0.0649100818555452, -0.10765801270783149, 1.0, -0.04138745421201725, 0.30790373650149677, -0.0060279670256874465], [-0.2782460274588323, -0.10723094469799928, -0.33258958260305344, -0.15672720215371921, -0.21598904207610328, -0.2174849904177457, 0.08652392460273521, -0.053166462538076685, 0.05173999003137045, -0.2853635555381219, -0.14796439150500246, 0.1687019279364362, -0.04138745421201725, 1.0, -0.3054487111647766, 0.05671576891397907], [0.048078762814121295, -0.20143782323229992, 0.2781806888763588, 0.396406600708982, 0.3974049507135291, 0.17933506475778238, 0.24544248481732792, 0.2905372321640224, -0.0033363303863816803, 0.3224267918688942, 0.1654774667402415, -0.09457201937868545, 0.30790373650149677, -0.3054487111647766, 1.0, -0.08473479088668322], [0.5612551885166616, -0.07145395718934422, -0.0063719713232310545, 0.08019922926602027, 0.14728613183130293, 0.11353047742524906, -0.17161874598968063, 0.06772690258058689, 0.00862294288015983, 0.07859456316976016, -0.00024406317741308464, -0.08114729517993527, -0.0060279670256874465, 0.05671576891397907, -0.08473479088668322, 1.0]]}],\n",
              "                        {\"coloraxis\": {\"colorscale\": [[0.0, \"rgb(165,0,38)\"], [0.1, \"rgb(215,48,39)\"], [0.2, \"rgb(244,109,67)\"], [0.3, \"rgb(253,174,97)\"], [0.4, \"rgb(254,224,139)\"], [0.5, \"rgb(255,255,191)\"], [0.6, \"rgb(217,239,139)\"], [0.7, \"rgb(166,217,106)\"], [0.8, \"rgb(102,189,99)\"], [0.9, \"rgb(26,152,80)\"], [1.0, \"rgb(0,104,55)\"]]}, \"height\": 700, \"margin\": {\"t\": 60}, \"template\": {\"data\": {\"bar\": [{\"error_x\": {\"color\": \"#2a3f5f\"}, \"error_y\": {\"color\": \"#2a3f5f\"}, \"marker\": {\"line\": {\"color\": \"#E5ECF6\", \"width\": 0.5}}, \"type\": \"bar\"}], \"barpolar\": [{\"marker\": {\"line\": {\"color\": \"#E5ECF6\", \"width\": 0.5}}, \"type\": \"barpolar\"}], \"carpet\": [{\"aaxis\": {\"endlinecolor\": \"#2a3f5f\", \"gridcolor\": \"white\", \"linecolor\": \"white\", \"minorgridcolor\": \"white\", \"startlinecolor\": \"#2a3f5f\"}, \"baxis\": {\"endlinecolor\": \"#2a3f5f\", \"gridcolor\": \"white\", \"linecolor\": \"white\", \"minorgridcolor\": \"white\", \"startlinecolor\": \"#2a3f5f\"}, \"type\": \"carpet\"}], \"choropleth\": [{\"colorbar\": {\"outlinewidth\": 0, \"ticks\": \"\"}, \"type\": \"choropleth\"}], \"contour\": [{\"colorbar\": {\"outlinewidth\": 0, \"ticks\": \"\"}, \"colorscale\": [[0.0, \"#0d0887\"], [0.1111111111111111, \"#46039f\"], [0.2222222222222222, \"#7201a8\"], [0.3333333333333333, \"#9c179e\"], [0.4444444444444444, \"#bd3786\"], [0.5555555555555556, \"#d8576b\"], [0.6666666666666666, \"#ed7953\"], [0.7777777777777778, \"#fb9f3a\"], [0.8888888888888888, \"#fdca26\"], [1.0, \"#f0f921\"]], \"type\": \"contour\"}], \"contourcarpet\": [{\"colorbar\": {\"outlinewidth\": 0, \"ticks\": \"\"}, \"type\": \"contourcarpet\"}], \"heatmap\": [{\"colorbar\": {\"outlinewidth\": 0, \"ticks\": \"\"}, \"colorscale\": [[0.0, \"#0d0887\"], [0.1111111111111111, \"#46039f\"], [0.2222222222222222, \"#7201a8\"], [0.3333333333333333, \"#9c179e\"], [0.4444444444444444, \"#bd3786\"], [0.5555555555555556, \"#d8576b\"], [0.6666666666666666, \"#ed7953\"], [0.7777777777777778, \"#fb9f3a\"], [0.8888888888888888, \"#fdca26\"], [1.0, \"#f0f921\"]], \"type\": \"heatmap\"}], \"heatmapgl\": [{\"colorbar\": {\"outlinewidth\": 0, \"ticks\": \"\"}, \"colorscale\": [[0.0, \"#0d0887\"], [0.1111111111111111, \"#46039f\"], [0.2222222222222222, \"#7201a8\"], [0.3333333333333333, \"#9c179e\"], [0.4444444444444444, \"#bd3786\"], [0.5555555555555556, \"#d8576b\"], [0.6666666666666666, \"#ed7953\"], [0.7777777777777778, \"#fb9f3a\"], [0.8888888888888888, \"#fdca26\"], [1.0, \"#f0f921\"]], \"type\": \"heatmapgl\"}], \"histogram\": [{\"marker\": {\"colorbar\": {\"outlinewidth\": 0, \"ticks\": \"\"}}, \"type\": \"histogram\"}], \"histogram2d\": [{\"colorbar\": {\"outlinewidth\": 0, \"ticks\": \"\"}, \"colorscale\": [[0.0, \"#0d0887\"], [0.1111111111111111, \"#46039f\"], [0.2222222222222222, \"#7201a8\"], [0.3333333333333333, \"#9c179e\"], [0.4444444444444444, \"#bd3786\"], [0.5555555555555556, \"#d8576b\"], [0.6666666666666666, \"#ed7953\"], [0.7777777777777778, \"#fb9f3a\"], [0.8888888888888888, \"#fdca26\"], [1.0, \"#f0f921\"]], \"type\": \"histogram2d\"}], \"histogram2dcontour\": [{\"colorbar\": {\"outlinewidth\": 0, \"ticks\": \"\"}, \"colorscale\": [[0.0, \"#0d0887\"], [0.1111111111111111, \"#46039f\"], [0.2222222222222222, \"#7201a8\"], [0.3333333333333333, \"#9c179e\"], [0.4444444444444444, \"#bd3786\"], [0.5555555555555556, \"#d8576b\"], [0.6666666666666666, \"#ed7953\"], [0.7777777777777778, \"#fb9f3a\"], [0.8888888888888888, \"#fdca26\"], [1.0, \"#f0f921\"]], \"type\": \"histogram2dcontour\"}], \"mesh3d\": [{\"colorbar\": {\"outlinewidth\": 0, \"ticks\": \"\"}, \"type\": \"mesh3d\"}], \"parcoords\": [{\"line\": {\"colorbar\": {\"outlinewidth\": 0, \"ticks\": \"\"}}, \"type\": \"parcoords\"}], \"pie\": [{\"automargin\": true, \"type\": \"pie\"}], \"scatter\": [{\"marker\": {\"colorbar\": {\"outlinewidth\": 0, \"ticks\": \"\"}}, \"type\": \"scatter\"}], \"scatter3d\": [{\"line\": {\"colorbar\": {\"outlinewidth\": 0, \"ticks\": \"\"}}, \"marker\": {\"colorbar\": {\"outlinewidth\": 0, \"ticks\": \"\"}}, \"type\": \"scatter3d\"}], \"scattercarpet\": [{\"marker\": {\"colorbar\": {\"outlinewidth\": 0, \"ticks\": \"\"}}, \"type\": \"scattercarpet\"}], \"scattergeo\": [{\"marker\": {\"colorbar\": {\"outlinewidth\": 0, \"ticks\": \"\"}}, \"type\": \"scattergeo\"}], \"scattergl\": [{\"marker\": {\"colorbar\": {\"outlinewidth\": 0, \"ticks\": \"\"}}, \"type\": \"scattergl\"}], \"scattermapbox\": [{\"marker\": {\"colorbar\": {\"outlinewidth\": 0, \"ticks\": \"\"}}, \"type\": \"scattermapbox\"}], \"scatterpolar\": [{\"marker\": {\"colorbar\": {\"outlinewidth\": 0, \"ticks\": \"\"}}, \"type\": \"scatterpolar\"}], \"scatterpolargl\": [{\"marker\": {\"colorbar\": {\"outlinewidth\": 0, \"ticks\": \"\"}}, \"type\": \"scatterpolargl\"}], \"scatterternary\": [{\"marker\": {\"colorbar\": {\"outlinewidth\": 0, \"ticks\": \"\"}}, \"type\": \"scatterternary\"}], \"surface\": [{\"colorbar\": {\"outlinewidth\": 0, \"ticks\": \"\"}, \"colorscale\": [[0.0, \"#0d0887\"], [0.1111111111111111, \"#46039f\"], [0.2222222222222222, \"#7201a8\"], [0.3333333333333333, \"#9c179e\"], [0.4444444444444444, \"#bd3786\"], [0.5555555555555556, \"#d8576b\"], [0.6666666666666666, \"#ed7953\"], [0.7777777777777778, \"#fb9f3a\"], [0.8888888888888888, \"#fdca26\"], [1.0, \"#f0f921\"]], \"type\": \"surface\"}], \"table\": [{\"cells\": {\"fill\": {\"color\": \"#EBF0F8\"}, \"line\": {\"color\": \"white\"}}, \"header\": {\"fill\": {\"color\": \"#C8D4E3\"}, \"line\": {\"color\": \"white\"}}, \"type\": \"table\"}]}, \"layout\": {\"annotationdefaults\": {\"arrowcolor\": \"#2a3f5f\", \"arrowhead\": 0, \"arrowwidth\": 1}, \"coloraxis\": {\"colorbar\": {\"outlinewidth\": 0, \"ticks\": \"\"}}, \"colorscale\": {\"diverging\": [[0, \"#8e0152\"], [0.1, \"#c51b7d\"], [0.2, \"#de77ae\"], [0.3, \"#f1b6da\"], [0.4, \"#fde0ef\"], [0.5, \"#f7f7f7\"], [0.6, \"#e6f5d0\"], [0.7, \"#b8e186\"], [0.8, \"#7fbc41\"], [0.9, \"#4d9221\"], [1, \"#276419\"]], \"sequential\": [[0.0, \"#0d0887\"], [0.1111111111111111, \"#46039f\"], [0.2222222222222222, \"#7201a8\"], [0.3333333333333333, \"#9c179e\"], [0.4444444444444444, \"#bd3786\"], [0.5555555555555556, \"#d8576b\"], [0.6666666666666666, \"#ed7953\"], [0.7777777777777778, \"#fb9f3a\"], [0.8888888888888888, \"#fdca26\"], [1.0, \"#f0f921\"]], \"sequentialminus\": [[0.0, \"#0d0887\"], [0.1111111111111111, \"#46039f\"], [0.2222222222222222, \"#7201a8\"], [0.3333333333333333, \"#9c179e\"], [0.4444444444444444, \"#bd3786\"], [0.5555555555555556, \"#d8576b\"], [0.6666666666666666, \"#ed7953\"], [0.7777777777777778, \"#fb9f3a\"], [0.8888888888888888, \"#fdca26\"], [1.0, \"#f0f921\"]]}, \"colorway\": [\"#636efa\", \"#EF553B\", \"#00cc96\", \"#ab63fa\", \"#FFA15A\", \"#19d3f3\", \"#FF6692\", \"#B6E880\", \"#FF97FF\", \"#FECB52\"], \"font\": {\"color\": \"#2a3f5f\"}, \"geo\": {\"bgcolor\": \"white\", \"lakecolor\": \"white\", \"landcolor\": \"#E5ECF6\", \"showlakes\": true, \"showland\": true, \"subunitcolor\": \"white\"}, \"hoverlabel\": {\"align\": \"left\"}, \"hovermode\": \"closest\", \"mapbox\": {\"style\": \"light\"}, \"paper_bgcolor\": \"white\", \"plot_bgcolor\": \"#E5ECF6\", \"polar\": {\"angularaxis\": {\"gridcolor\": \"white\", \"linecolor\": \"white\", \"ticks\": \"\"}, \"bgcolor\": \"#E5ECF6\", \"radialaxis\": {\"gridcolor\": \"white\", \"linecolor\": \"white\", \"ticks\": \"\"}}, \"scene\": {\"xaxis\": {\"backgroundcolor\": \"#E5ECF6\", \"gridcolor\": \"white\", \"gridwidth\": 2, \"linecolor\": \"white\", \"showbackground\": true, \"ticks\": \"\", \"zerolinecolor\": \"white\"}, \"yaxis\": {\"backgroundcolor\": \"#E5ECF6\", \"gridcolor\": \"white\", \"gridwidth\": 2, \"linecolor\": \"white\", \"showbackground\": true, \"ticks\": \"\", \"zerolinecolor\": \"white\"}, \"zaxis\": {\"backgroundcolor\": \"#E5ECF6\", \"gridcolor\": \"white\", \"gridwidth\": 2, \"linecolor\": \"white\", \"showbackground\": true, \"ticks\": \"\", \"zerolinecolor\": \"white\"}}, \"shapedefaults\": {\"line\": {\"color\": \"#2a3f5f\"}}, \"ternary\": {\"aaxis\": {\"gridcolor\": \"white\", \"linecolor\": \"white\", \"ticks\": \"\"}, \"baxis\": {\"gridcolor\": \"white\", \"linecolor\": \"white\", \"ticks\": \"\"}, \"bgcolor\": \"#E5ECF6\", \"caxis\": {\"gridcolor\": \"white\", \"linecolor\": \"white\", \"ticks\": \"\"}}, \"title\": {\"x\": 0.05}, \"xaxis\": {\"automargin\": true, \"gridcolor\": \"white\", \"linecolor\": \"white\", \"ticks\": \"\", \"title\": {\"standoff\": 15}, \"zerolinecolor\": \"white\", \"zerolinewidth\": 2}, \"yaxis\": {\"automargin\": true, \"gridcolor\": \"white\", \"linecolor\": \"white\", \"ticks\": \"\", \"title\": {\"standoff\": 15}, \"zerolinecolor\": \"white\", \"zerolinewidth\": 2}}}, \"width\": 700, \"xaxis\": {\"constrain\": \"domain\", \"scaleanchor\": \"y\"}, \"yaxis\": {\"autorange\": \"reversed\", \"constrain\": \"domain\"}},\n",
              "                        {\"responsive\": true}\n",
              "                    ).then(function(){\n",
              "                            \n",
              "var gd = document.getElementById('29619cb7-cdc0-494e-bc52-bf8043f33b3b');\n",
              "var x = new MutationObserver(function (mutations, observer) {{\n",
              "        var display = window.getComputedStyle(gd).display;\n",
              "        if (!display || display === 'none') {{\n",
              "            console.log([gd, 'removed!']);\n",
              "            Plotly.purge(gd);\n",
              "            observer.disconnect();\n",
              "        }}\n",
              "}});\n",
              "\n",
              "// Listen for the removal of the full notebook cells\n",
              "var notebookContainer = gd.closest('#notebook-container');\n",
              "if (notebookContainer) {{\n",
              "    x.observe(notebookContainer, {childList: true});\n",
              "}}\n",
              "\n",
              "// Listen for the clearing of the current output cell\n",
              "var outputEl = gd.closest('.output');\n",
              "if (outputEl) {{\n",
              "    x.observe(outputEl, {childList: true});\n",
              "}}\n",
              "\n",
              "                        })\n",
              "                };\n",
              "                \n",
              "            </script>\n",
              "        </div>\n",
              "</body>\n",
              "</html>"
            ]
          },
          "metadata": {
            "tags": []
          }
        }
      ]
    },
    {
      "cell_type": "code",
      "metadata": {
        "id": "sUl_4KYFiqS6"
      },
      "source": [
        "rolling_corr_df = df.rolling(12*3).corr().dropna().reset_index()\n",
        "rolling_corr_df = rolling_corr_df[rolling_corr_df[\"level_1\"] == dep_var]\n",
        "rolling_corr_df = rolling_corr_df.drop(columns=[dep_var, \"level_1\"]).set_index(\"Date\")\n"
      ],
      "execution_count": null,
      "outputs": []
    },
    {
      "cell_type": "code",
      "metadata": {
        "colab": {
          "base_uri": "https://localhost:8080/",
          "height": 542
        },
        "id": "kSfJSagtjCiA",
        "outputId": "e759a477-189a-403b-df2a-f2c5df68fd86"
      },
      "source": [
        "#@title Real GDP Correlation\n",
        "\n",
        "fig = rolling_corr_df[[\"Canada Real GDP (QoQ % SAAR)\", \"Real GDP by Expenditure Reside\"]].plot(backend=\"plotly\", title=\"GDP Correlation\")\n",
        "fig.update_yaxes(title_text='Correlation')\n",
        "fig.show()"
      ],
      "execution_count": null,
      "outputs": [
        {
          "output_type": "display_data",
          "data": {
            "text/html": [
              "<html>\n",
              "<head><meta charset=\"utf-8\" /></head>\n",
              "<body>\n",
              "    <div>\n",
              "            <script src=\"https://cdnjs.cloudflare.com/ajax/libs/mathjax/2.7.5/MathJax.js?config=TeX-AMS-MML_SVG\"></script><script type=\"text/javascript\">if (window.MathJax) {MathJax.Hub.Config({SVG: {font: \"STIX-Web\"}});}</script>\n",
              "                <script type=\"text/javascript\">window.PlotlyConfig = {MathJaxConfig: 'local'};</script>\n",
              "        <script src=\"https://cdn.plot.ly/plotly-latest.min.js\"></script>    \n",
              "            <div id=\"9b8ae306-0bd7-4c35-9092-35863485f8bc\" class=\"plotly-graph-div\" style=\"height:525px; width:100%;\"></div>\n",
              "            <script type=\"text/javascript\">\n",
              "                \n",
              "                    window.PLOTLYENV=window.PLOTLYENV || {};\n",
              "                    \n",
              "                if (document.getElementById(\"9b8ae306-0bd7-4c35-9092-35863485f8bc\")) {\n",
              "                    Plotly.newPlot(\n",
              "                        '9b8ae306-0bd7-4c35-9092-35863485f8bc',\n",
